     1.000000    0.001470
     0.993409    0.002873
     0.982218    0.005228
     0.969418    0.007883
     0.955134    0.010797
     0.939643    0.013900
     0.923280    0.017114
     0.906348    0.020373
     0.889066    0.023631
     0.871574    0.026858
     0.853958    0.030038
     0.836266    0.033163
     0.818528    0.036227
     0.800759    0.039226
     0.782969    0.042161
     0.765165    0.045029
     0.747352    0.047829
     0.729532    0.050561
     0.711708    0.053223
     0.693885    0.055814
     0.676063    0.058333
     0.658247    0.060778
     0.640437    0.063147
     0.622638    0.065439
     0.604851    0.067650
     0.587080    0.069779
     0.569328    0.071823
     0.551597    0.073778
     0.533890    0.075643
     0.516211    0.077412
     0.498564    0.079083
     0.480952    0.080652
     0.463379    0.082114
     0.445849    0.083465
     0.428367    0.084701
     0.410938    0.085815
     0.393568    0.086803
     0.376263    0.087659
     0.359031    0.088377
     0.341880    0.088951
     0.324821    0.089374
     0.307869    0.089640
     0.291042    0.089741
     0.274366    0.089670
     0.257878    0.089421
     0.241632    0.088990
     0.225706    0.088375
     0.210215    0.087578
     0.195309    0.086602
     0.181028    0.085318
     0.167223    0.083694
     0.153831    0.081740
     0.140845    0.079471
     0.128296    0.076905
     0.116238    0.074071
     0.104740    0.071006
     0.093881    0.067758
     0.083731    0.064382
     0.074346    0.060935
     0.065758    0.057475
     0.057966    0.054049
     0.050944    0.050694
     0.044646    0.047435
     0.039011    0.044287
     0.033975    0.041253
     0.029474    0.038332
     0.025448    0.035519
     0.021844    0.032805
     0.018616    0.030180
     0.015725    0.027636
     0.013137    0.025161
     0.010825    0.022747
     0.008769    0.020385
     0.006951    0.018068
     0.005357    0.015790
     0.003980    0.013544
     0.002812    0.011330
     0.001850    0.009144
     0.001092    0.006989
     0.000536    0.004869
     0.000178    0.002791
     0.000013    0.000764
     0.000035   -0.001220
     0.000254   -0.003238
     0.000694   -0.005275
     0.001374   -0.007308
     0.002305   -0.009315
     0.003491   -0.011277
     0.004929   -0.013177
     0.006614   -0.015007
     0.008540   -0.016764
     0.010708   -0.018449
     0.013120   -0.020068
     0.015785   -0.021626
     0.018720   -0.023131
     0.021949   -0.024589
     0.025502   -0.026008
     0.029421   -0.027394
     0.033759   -0.028753
     0.038581   -0.030092
     0.043968   -0.031415
     0.050020   -0.032725
     0.056855   -0.034027
     0.064612   -0.035319
     0.073441   -0.036602
     0.083488   -0.037872
     0.094873   -0.039122
     0.107649   -0.040345
     0.121780   -0.041538
     0.137122   -0.042702
     0.153444   -0.043846
     0.170443   -0.044981
     0.187743   -0.046121
     0.204931   -0.047260
     0.221908   -0.048228
     0.238837   -0.048991
     0.255806   -0.049572
     0.272856   -0.049986
     0.290004   -0.050247
     0.307256   -0.050365
     0.324608   -0.050349
     0.342057   -0.050207
     0.359596   -0.049948
     0.377218   -0.049578
     0.394917   -0.049105
     0.412688   -0.048536
     0.430523   -0.047876
     0.448418   -0.047131
     0.466368   -0.046308
     0.484368   -0.045410
     0.502414   -0.044443
     0.520503   -0.043412
     0.538629   -0.042319
     0.556791   -0.041171
     0.574984   -0.039969
     0.593205   -0.038718
     0.611452   -0.037419
     0.629720   -0.036077
     0.648008   -0.034694
     0.666313   -0.033271
     0.684631   -0.031810
     0.702960   -0.030314
     0.721298   -0.028784
     0.739640   -0.027220
     0.757985   -0.025625
     0.776329   -0.023998
     0.794666   -0.022341
     0.812990   -0.020654
     0.831292   -0.018937
     0.849554   -0.017193
     0.867748   -0.015423
     0.885821   -0.013631
     0.903685   -0.011828
     0.921187   -0.010027
     0.938090   -0.008256
     0.954070   -0.006551
     0.968762   -0.004955
     0.981876   -0.003508
     0.993296   -0.002229
     1.000000   -0.001470
